#GE_1 //section name
#130.196 //row azimuth
#19.252014001 47.648499826 //reference lon, lat [deg]
#66.120 42.540//d_row, d_col [m]
#9.9 19.8 29.8 //tolerance: horizontal [m]
#16.0 32.0 64.0 //tolerance: vertical [m]
#5.0 10.0 20.0 //tolerance: tilt [deg]
#15.0 25.0 35.0 0.0 //tolerance: yaw [deg] and system delay [ms]
#1 5 2 6 3 7 4 8 //row order
 19.252014001  47.648499826    548.00 0 1
 19.261554279  47.643069232    548.00 0 1
 19.251444482  47.648045754    548.00 1 1
 19.260984760  47.642615160    548.00 1 1
 19.250874963  47.647591681    548.00 2 1
 19.260415241  47.642161087    548.00 2 1
 19.250305444  47.647137608    548.00 3 1
 19.259845722  47.641707014    548.00 3 1
 19.249735925  47.646683535    548.00 1 2
 19.259276203  47.641252941    548.00 1 2
 19.249166406  47.646229463    548.00 2 2
 19.258706684  47.640798869    548.00 2 2
 19.248596887  47.645775390    548.00 1 3
 19.258137164  47.640344796    548.00 1 3
 19.248027368  47.645321317    548.00 2 3
 19.257567645  47.639890723    548.00 2 3
